2
3
4
5
10
11
12
14
15
16
17
18
19
24
27
31
32
33
41
43
45
47
51
53
55
57
59
60
64
66
68
69
72
74
79
80
81
82
83
84
87
89
91
92
94
95
96
98
99
100
102
104
105
107
109
111
112
113
114
116
120
122
123
124
125
126
128
129
130
131
132
134
135
136
139
142
148
150
152
155
157
158
159
161
168
169
171
172
177
178
180
190
191
194
199
201
202
203
207
209
211
213
214
216
217
219
221
227
228
229
231
232
233
234
236
239
240
244
246
250
254
255
256
258
259
260
261
262
263
266
267
268
269
272
274
275
276
277
278
280
281
284
285
286
290
291
292
294
296
297
299
301
302
303
305
306
307
309
311
312
315
316
317
318
319
320
322
323
325
329
332
333
335
337
340
341
343
345
348
351
353
354
355
361
362
363
365
367
369
372
374
375
380
381
385
386
394
400
404
407
408
409
412
413
420
422
423
426
430
431
432
433
434
436
438
439
448
449
451
455
456
458
461
462
467
469
470
472
474
475
476
478
480
481
482
483
485
486
487
488
491
494
495
496
497
498
499
500
501
502
504
505
507
510
513
514
515
517
520
521
525
528
532
536
538
540
541
542
545
548
549
550
551
552
553
555
557
558
559
560
561
563
565
566
570
571
573
575
577
578
580
581
582
583
584
585
586
588
589
590
591
592
593
596
597
599
602
604
605
607
609
610
611
612
616
621
623
624
625
626
630
631
632
636
637
638
639
642
644
648
651
653
654
656
659
660
663
664
666
667
670
671
673
676
678
679
680
681
682
688
689
691
692
694
696
699
703
704
707
708
709
710
711
713
714
717
718
719
721
722
723
724
728
729
731
732
736
738
739
740
742
745
747
749
750
752
753
754
755
756
758
759
763
768
770
772
774
775
776
777
778
780
781
782
784
787
788
790
794
795
797
798
799
803
804
805
810
811
812
813
814
817
818
822
823
824
826
827
828
833
834
835
836
839
840
841
842
843
847
848
852
854
855
856
859
861
862
863
864
865
866
868
870
871
874
875
876
882
884
885
887
888
889
893
894
896
897
898
900
902
903
906
907
908
911
913
915
916
919
920
921
922
925
926
927
929
930
931
934
936
940
944
947
949
952
954
955
957
958
959
960
962
964
965
967
968
971
973
974
976
979
980
985
986
987
988
990
992
994
995
996
998
1000
1002
1003
1004
1005
1006
1010
1013
1015
1016
1018
1019
1020
1021
1023
1024
1026
1027
1028
1030
1031
1034
1036
1038
1039
1040
1041
1042
1046
1047
1050
1052
1054
1056
1057
1060
1061
1064
1066
1069
1070
1071
1073
1074
1075
1078
1082
1083
1084
1090
1091
1093
1099
1100
1101
1103
1107
1109
1113
1114
1115
1117
1118
1119
1122
1123
1127
1128
1129
1130
1131
1132
1133
1134
1135
1136
1137
1143
1144
1146
1147
1148
1149
1150
1153
1158
1160
1165
1166
1168
1170
1172
1174
1177
1179
1181
1188
1190
1194
1195
1197
1198
1200
1201
1202
1204
1206
1213
1214
1215
1219
1221
1223
1224
1225
1229
1233
1235
1237
1242
1243
1246
1247
1248
1250
1252
1253
1257
1258
1262
1263
1265
1266
1267
1269
1272
1274
1276
1277
1280
1282
1285
1286
1287
1288
1292
1294
1298
1300
1303
1304
1309
1313
1315
1316
1318
1320
1321
1322
1325
1326
1329
1330
1331
1334
1336
1338
1339
1342
1343
1344
1348
1351
1352
1355
1359
1360
1363
1365
1370
1372
1373
1374
1377
1380
1382
1385
1387
1388
1389
1390
1391
1393
1398
1400
1401
1403
1407
1408
1409
1410
1411
1412
1413
1422
1425
1431
1433
1434
1438
1440
1443
1444
1447
1448
1450
1452
1453
1454
1455
1456
1457
1458
1460
1464
1466
1469
1470
1472
1474
1479
1480
1481
1486
1488
1489
1491
1495
1496
1497
1498
1499
1500
1501
1503
1504
1505
1506
1507
1508
1509
1510
1511
1513
1514
1516
1519
1525
1526
1530
1534
1535
1538
1539
1546
1548
1549
1550
1551
1552
1554
1555
1556
1558
1559
1560
1563
1564
1566
1567
1569
1570
1576
1579
1581
1582
1586
1587
1588
1589
1592
1593
1596
1597
1599
1600
1601
1604
1605
1611
1612
1613
1614
1616
1617
1618
1619
1620
1621
1622
1625
1629
1632
1637
1638
1640
1642
1644
1650
1652
1655
1657
1658
1660
1661
1666
1667
1670
1671
1674
1678
1679
1681
1685
1691
1693
1694
1697
1699
1700
1701
1702
1703
1705
1708
1709
1710
1711
1713
1714
1715
1716
1717
1718
1720
1721
1723
1726
1727
1728
1729
1731
1733
1735
1736
1738
1740
1741
1742
1743
1744
1748
1749
1751
1752
1753
1755
1758
1761
1762
1763
1766
1770
1771
1772
1773
1774
1775
1776
1777
1779
1780
1782
1783
1785
1786
1788
1791
1792
1793
1797
1799
1800
1803
1804
1805
1806
1812
1813
1814
1815
1816
1817
1819
1823
1824
1826
1828
1831
1832
1834
1839
1840
1841
1843
1845
1846
1847
1851
1852
1855
1856
1858
1859
1860
1861
1863
1864
1866
1867
1868
1871
1872
1873
1875
1877
1881
1885
1888
1890
1891
1892
1894
1898
1900
1903
1905
1907
1909
1912
1913
1915
1916
1918
1920
1922
1924
1931
1932
1936
1941
1943
1948
1949
1952
1955
1956
1957
1959
1960
1961
1964
1967
1974
1976
1977
1983
1984
1990
1991
1994
1995
1999
2001
2002
2003
2006
2008
2010
2011
2012
2013
2015
2017
2018
2019
2020
2021
2023
2024
2027
2030
2031
2032
2035
2037
2039
2041
2042
2043
2044
2045
2047
2048
2051
2052
2054
2057
2058
2059
2060
2062
2063
2065
2066
2069
2072
2073
2074
2077
2079
2081
2082
2084
2088
2090
2091
2094
2095
2096
2098
2099
2100
2101
2104
2105
2107
2108
2109
2111
2112
2113
2114
2117
2118
2120
2121
2122
2124
2125
2129
2131
2132
2135
2140
2142
2143
2144
2146
2148
2149
2150
2152
2154
2156
2157
2158
2161
2163
2164
2166
2168
2169
2170
2171
2174
2176
2177
2178
2179
2180
2181
2182
2185
2187
2189
2190
2191
2192
2194
2196
2200
2201
2202
2203
2205
2208
2209
2210
2211
2213
2215
2218
2221
2222
2223
2224
2226
2227
2228
2231
2232
2234
2237
2240
2241
2243
2250
2251
2252
2255
2256
2257
2262
2266
2268
2270
2272
2276
2278
2279
2280
2281
2282
2284
2285
2286
2287
2288
2290
2292
2296
2298
2299
2301
2303
2304
2308
2309
2312
2316
2323
2326
2328
2330
2331
2333
2335
2336
2337
2338
2341
2344
2352
2354
2356
2358
2360
2362
2365
2367
2369
2370
2371
2372
2375
2376
2378
2383
2384
2393
2397
2398
2406
2412
2415
2416
2417
2420
2421
2422
2423
2425
2426
2427
2428
2429
2431
2432
2433
2435
2436
2437
2441
2443
2444
2446
2448
2449
2450
2452
2453
2454
2457
2459
2460
2461
2464
2467
2473
2474
2475
2476
2478
2481
2487
2488
2489
2492
2493
2494
2497
2498
2499
2500
