2
6
7
9
10
11
13
15
16
18
19
25
26
27
28
30
33
34
35
36
39
40
42
43
44
49
55
57
58
59
64
66
67
68
69
70
72
73
75
76
79
81
82
83
84
87
88
90
93
94
98
99
100
101
103
104
105
106
111
113
116
119
121
122
123
124
126
127
128
129
133
137
139
140
141
142
144
150
151
152
155
156
157
158
161
164
165
167
168
171
173
174
177
178
182
183
185
187
188
189
191
193
194
201
202
205
206
208
209
210
213
214
215
217
220
222
224
226
227
228
229
231
233
235
236
241
243
246
247
248
251
252
253
255
256
257
258
259
261
262
264
265
267
271
275
276
280
284
289
291
292
293
294
300
301
303
308
309
310
312
314
316
321
323
324
326
327
331
333
335
336
337
341
342
343
344
346
348
349
350
352
353
356
357
358
359
360
361
368
369
375
377
378
379
382
383
384
386
388
392
394
396
399
400
401
402
403
404
406
408
412
414
416
417
418
422
424
427
428
429
431
434
435
436
437
438
441
448
449
454
455
459
462
466
467
472
473
474
475
476
479
480
481
485
486
488
491
492
502
506
507
510
511
512
514
516
518
520
524
525
528
529
531
536
537
538
541
542
543
546
547
548
551
553
557
558
559
562
563
564
565
566
567
571
573
574
575
578
580
581
582
583
585
586
588
594
596
600
601
603
605
607
608
609
610
611
612
615
616
618
619
625
626
628
629
630
634
635
638
640
647
654
656
660
661
662
664
666
668
671
672
676
677
678
681
683
686
687
688
689
690
692
694
695
696
699
701
703
704
705
706
709
711
714
715
717
720
721
722
723
727
728
730
731
732
733
734
735
736
737
739
740
741
742
743
746
748
749
750
751
755
756
758
760
761
762
764
768
771
775
778
781
783
784
786
787
788
789
790
792
795
799
800
801
802
805
806
807
808
809
810
811
812
814
815
816
817
818
819
820
821
822
823
824
825
826
829
830
831
832
833
835
837
839
842
843
845
846
847
850
852
853
855
856
857
858
859
863
864
865
867
870
873
876
877
878
879
882
883
884
886
888
890
892
893
894
896
900
904
905
907
909
915
917
919
920
921
923
927
930
931
932
936
937
943
947
949
950
952
954
955
956
957
958
962
966
968
971
975
976
981
983
984
985
988
991
994
995
996
998
1000
1002
1005
1006
1007
1009
1011
1012
1013
1014
1023
1024
1029
1031
1032
1036
1037
1039
1043
1045
1047
1049
1050
1052
1054
1056
1062
1063
1064
1066
1069
1072
1073
1075
1077
1081
1084
1085
1088
1089
1091
1095
1096
1098
1099
1100
1106
1107
1109
1111
1112
1114
1115
1118
1121
1122
1123
1125
1127
1128
1131
1132
1134
1136
1137
1139
1142
1143
1144
1145
1146
1149
1150
1152
1153
1154
1155
1158
1159
1160
1161
1163
1166
1167
1168
1169
1170
1172
1173
1174
1175
1176
1177
1179
1180
1181
1182
1183
1184
1185
1188
1189
1190
1192
1193
1195
1199
1200
1202
1208
1214
1216
1218
1219
1220
1221
1222
1228
1230
1231
1232
1235
1237
1238
1239
1243
1247
1248
1249
1250
1251
1253
1254
1257
1258
1259
1260
1263
1265
1266
1267
1268
1270
1271
1272
1275
1278
1281
1282
1283
1284
1285
1286
1287
1288
1291
1293
1296
1297
1299
1302
1305
1307
1308
1309
1310
1311
1312
1314
1317
1319
1323
1326
1327
1329
1331
1333
1336
1337
1338
1339
1340
1341
1343
1346
1347
1352
1353
1354
1356
1357
1359
1362
1363
1364
1365
1366
1369
1371
1372
1374
1379
1381
1382
1384
1387
1391
1392
1393
1396
1399
1400
1401
1403
1404
1408
1409
1411
1416
1417
1419
1420
1422
1424
1431
1432
1433
1435
1440
1441
1442
1443
1444
1449
1450
1453
1454
1456
1458
1459
1461
1466
1467
1468
1469
1470
1471
1472
1473
1474
1475
1480
1481
1482
1484
1486
1488
1489
1490
1493
1494
1495
1496
1499
1500
1501
1502
1503
1504
1505
1506
1512
1513
1514
1515
1520
1521
1522
1524
1525
1526
1528
1529
1531
1532
1533
1535
1537
1539
1542
1543
1544
1545
1548
1550
1551
1552
1554
1555
1561
1563
1564
1569
1570
1571
1572
1573
1574
1575
1576
1577
1583
1587
1588
1589
1590
1591
1593
1594
1595
1596
1598
1599
1602
1606
1608
1614
1615
1617
1618
1621
1623
1624
1625
1627
1628
1629
1632
1633
1634
1635
1636
1639
1640
1641
1643
1646
1649
1650
1651
1652
1654
1659
1660
1661
1663
1665
1673
1674
1676
1679
1681
1682
1687
1689
1690
1691
1693
1695
1698
1699
1705
1706
1708
1710
1711
1712
1713
1720
1721
1723
1725
1727
1729
1732
1733
1734
1735
1736
1737
1738
1739
1741
1742
1745
1746
1750
1751
1752
1754
1757
1758
1760
1761
1762
1763
1764
1766
1767
1769
1773
1774
1775
1776
1780
1781
1787
1788
1790
1793
1799
1803
1804
1806
1808
1814
1815
1816
1819
1822
1823
1827
1828
1832
1833
1835
1837
1838
1839
1840
1842
1844
1847
1848
1850
1851
1852
1853
1855
1857
1858
1859
1862
1864
1865
1868
1869
1870
1872
1874
1879
1880
1882
1883
1885
1886
1891
1892
1893
1894
1895
1896
1898
1899
1901
1905
1906
1907
1908
1913
1914
1917
1921
1922
1924
1927
1928
1930
1932
1934
1935
1937
1939
1941
1942
1944
1949
1951
1956
1957
1958
1959
1960
1962
1964
1969
1971
1972
1974
1977
1978
1981
1982
1986
1990
1997
1999
2001
2002
2004
2005
2006
2008
2009
2014
2015
2017
2019
2020
2021
2023
2024
2025
2026
2027
2029
2037
2039
2041
2042
2044
2045
2047
2050
2052
2053
2054
2056
2057
2059
2060
2062
2063
2065
2066
2068
2070
2071
2075
2076
2077
2080
2081
2083
2086
2087
2090
2093
2094
2095
2096
2098
2104
2106
2111
2112
2118
2121
2122
2123
2124
2125
2127
2128
2131
2133
2134
2135
2136
2137
2141
2144
2145
2149
2150
2151
2152
2153
2154
2155
2160
2161
2162
2163
2165
2166
2167
2169
2173
2174
2175
2177
2178
2181
2182
2183
2184
2192
2197
2200
2203
2205
2208
2214
2215
2217
2219
2220
2222
2225
2226
2229
2231
2232
2233
2236
2237
2240
2242
2243
2247
2250
2254
2255
2259
2262
2264
2267
2268
2271
2274
2275
2278
2280
2281
2282
2283
2284
2286
2287
2289
2291
2292
2293
2294
2295
2297
2298
2299
2300
2302
2308
2314
2316
2317
2319
2320
2321
2326
2331
2332
2335
2338
2340
2342
2346
2349
2350
2353
2354
2356
2358
2360
2362
2363
2364
2367
2370
2376
2382
2385
2386
2387
2389
2390
2392
2394
2395
2396
2399
2400
2401
2405
2408
2409
2411
2412
2413
2414
2419
2420
2421
2424
2426
2430
2432
2434
2437
2439
2440
2442
2443
2445
2447
2448
2449
2450
2453
2455
2457
2458
2459
2460
2462
2463
2464
2465
2466
2467
2470
2473
2476
2477
2479
2480
2481
2483
2484
2489
2490
2493
2494
2495
2496
2498
